3/1/2014 $2,400,000 3538 4 24 32 34 38 47 n
2/26/2014 $2,300,000 3537 12 13 20 22 25 33 n
2/24/2014 $2,200,000 3536 25 30 35 40 41 42 n
2/22/2014 $2,100,000 3535 4 7 11 17 20 43 n
2/19/2014 $2,000,000 3534 15 16 20 22 23 44 n
2/17/2014 $1,900,000 3533 2 7 18 21 23 39 n
2/15/2014 $1,800,000 3532 9 14 17 18 38 42 n
2/12/2014 $1,700,000 3531 2 9 15 18 32 35 n
2/10/2014 $1,600,000 3530 3 14 29 38 40 48 n
2/8/2014 $1,500,000 3529 1 9 15 25 27 28 n
2/5/2014 $1,400,000 3528 14 32 35 37 40 44 n
2/3/2014 $1,300,000 3527 6 26 32 39 42 48 n
2/1/2014 $1,200,000 3526 13 17 27 37 46 48 n
1/29/2014 $1,100,000 3525 8 21 25 33 44 48 n
1/27/2014 $1,000,000 3524 9 29 32 43 44 48 n
1/25/2014 $2,400,000 3523 6 13 16 33 41 48 y
1/22/2014 $2,300,000 3522 2 6 16 23 27 39 n
1/20/2014 $2,200,000 3521 4 13 20 24 29 41 n
1/18/2014 $2,100,000 3520 6 8 9 33 35 41 n
1/15/2014 $2,000,000 3519 3 20 23 29 33 35 n
1/13/2014 $1,900,000 3518 8 26 32 35 40 46 n
1/11/2014 $1,800,000 3517 6 15 20 46 47 48 n
1/8/2014 $1,700,000 3516 1 25 32 33 39 43 n
1/6/2014 $1,600,000 3515 2 16 33 34 38 40 n
1/4/2014 $1,500,000 3514 12 14 21 24 33 46 n
1/1/2014 $1,400,000 3513 8 22 26 29 35 47 n
4/30/2014 $1,800,000 3564 9 27 30 31 37 45 n
4/28/2014 $1,700,000 3563 15 20 22 35 41 46 n
4/26/2014 $1,600,000 3562 5 9 16 22 25 42 n
4/23/2014 $1,500,000 3561 8 21 35 39 40 44 n
4/21/2014 $1,400,000 3560 4 8 9 37 38 47 n
4/19/2014 $1,300,000 3559 3 5 14 35 42 46 n
4/16/2014 $1,200,000 3558 1 2 11 12 34 42 n
4/14/2014 $1,100,000 3557 4 9 20 25 30 44 n
4/12/2014 $1,000,000 3556 4 5 7 19 20 21 n
4/9/2014 $4,100,000 3555 10 12 13 18 29 31 y
4/7/2014 $4,000,000 3554 17 22 27 29 42 44 n
4/5/2014 $3,900,000 3553 5 22 25 36 43 45 n
4/2/2014 $3,800,000 3552 9 21 30 33 37 46 n
3/31/2014 $3,700,000 3551 10 13 30 37 40 46 n
3/29/2014 $3,600,000 3550 5 6 14 24 40 43 n
3/26/2014 $3,500,000 3549 4 15 29 39 40 47 n
3/24/2014 $3,400,000 3548 2 3 12 24 33 40 n
3/22/2014 $3,300,000 3547 1 5 15 17 23 27 n
3/19/2014 $3,200,000 3546 17 18 31 35 38 41 n
3/17/2014 $3,100,000 3545 5 9 10 20 40 48 n
3/15/2014 $3,000,000 3544 8 16 22 25 26 44 n
3/12/2014 $2,900,000 3543 2 18 35 36 46 48 n
3/10/2014 $2,800,000 3542 2 7 19 36 43 48 n
3/8/2014 $2,700,000 3541 5 7 9 22 29 41 n
3/5/2014 $2,600,000 3540 8 18 21 39 41 48 n
3/3/2014 $2,500,000 3539 3 11 17 26 31 45 n
6/30/2014 $4,400,000 3590 2 4 13 23 25 47 n
6/28/2014 $4,300,000 3589 16 23 31 37 43 46 n
6/25/2014 $4,200,000 3588 2 5 10 15 23 31 n
6/23/2014 $4,100,000 3587 6 9 23 29 32 36 n
6/21/2014 $4,000,000 3586 19 22 26 29 31 42 n
6/18/2014 $3,900,000 3585 11 13 16 21 24 47 n
6/16/2014 $3,800,000 3584 8 20 23 28 37 39 n
6/14/2014 $3,700,000 3583 3 5 7 20 27 34 n
6/11/2014 $3,600,000 3582 28 31 38 42 44 46 n
6/9/2014 $3,500,000 3581 3 31 34 35 40 48 n
6/7/2014 $3,400,000 3580 13 19 23 30 42 43 n
6/4/2014 $3,300,000 3579 8 9 11 21 29 41 n
6/2/2014 $3,200,000 3578 3 17 19 42 46 47 n
5/31/2014 $3,100,000 3577 11 15 41 42 44 47 n
5/28/2014 $3,000,000 3576 3 5 7 12 25 39 n
5/26/2014 $2,900,000 3575 5 12 33 40 42 44 n
5/24/2014 $2,800,000 3574 12 19 25 26 34 36 n
5/21/2014 $2,700,000 3573 2 17 18 22 35 37 n
5/19/2014 $2,600,000 3572 2 25 28 30 43 48 n
5/17/2014 $2,500,000 3571 6 12 14 22 24 38 n
5/14/2014 $2,400,000 3570 2 12 18 24 34 38 n
5/12/2014 $2,300,000 3569 11 13 17 25 30 32 n
5/10/2014 $2,200,000 3568 13 14 15 24 27 47 n
5/7/2014 $2,100,000 3567 3 21 25 36 38 45 n
5/5/2014 $2,000,000 3566 5 17 24 27 33 34 n
5/3/2014 $1,900,000 3565 9 20 27 36 40 45 n
8/30/2014 $8,400,000 3616 1 2 10 24 28 31 n
8/27/2014 $8,200,000 3615 11 21 23 33 38 39 n
8/25/2014 $8,000,000 3614 5 7 13 15 23 27 n
8/23/2014 $7,800,000 3613 19 22 26 43 47 48 n
8/20/2014 $7,600,000 3612 2 10 19 22 24 48 n
8/18/2014 $7,400,000 3611 1 5 15 31 37 40 n
8/16/2014 $7,200,000 3610 2 3 41 44 46 47 n
8/13/2014 $7,000,000 3609 11 14 17 22 29 44 n
8/11/2014 $6,800,000 3608 4 6 12 22 38 48 n
8/9/2014 $6,600,000 3607 6 12 27 34 37 39 n
8/6/2014 $6,400,000 3606 1 2 9 19 31 46 n
8/2/2014 $6,000,000 3604 10 13 16 32 39 44 n
7/30/2014 $5,800,000 3603 2 3 5 13 16 25 n
7/28/2014 $5,600,000 3602 3 16 31 32 38 42 n
7/26/2014 $5,500,000 3601 8 10 18 22 44 46 n
7/23/2014 $5,400,000 3600 8 12 24 33 37 42 n
7/21/2014 $5,300,000 3599 1 2 25 30 31 43 n
7/19/2014 $5,200,000 3598 3 4 7 15 21 41 n
7/16/2014 $5,100,000 3597 1 10 17 24 38 48 n
7/14/2014 $5,000,000 3596 6 11 15 32 41 43 n
7/12/2014 $4,900,000 3595 22 27 33 35 38 47 n
7/9/2014 $4,800,000 3594 17 29 34 37 39 44 n
7/5/2014 $4,600,000 3592 24 26 33 38 40 43 n
7/2/2014 $4,500,000 3591 1 21 27 31 32 41 n
10/29/2014 $1,400,000 3642 5 22 24 26 42 45 n
10/27/2014 $1,300,000 3641 1 6 24 27 31 32 n
10/25/2014 $1,200,000 3640 2 20 22 37 40 45 n
10/22/2014 $1,100,000 3639 5 23 26 31 32 33 n
10/20/2014 $1,000,000 3638 18 24 34 40 46 47 n
10/18/2014 $12,100,000 3637 3 9 16 25 32 34 y
10/15/2014 $11,800,000 3636 8 19 21 30 32 41 n
10/13/2014 $11,600,000 3635 3 8 20 28 35 47 n
10/11/2014 $11,400,000 3634 6 16 28 30 34 37 n
10/8/2014 $11,100,000 3633 2 16 18 27 31 44 n
10/6/2014 $10,900,000 3632 13 30 31 36 39 43 n
10/4/2014 $10,700,000 3631 11 14 21 22 33 42 n
10/1/2014 $10,400,000 3630 7 8 25 36 42 43 n
9/29/2014 $10,200,000 3629 4 5 23 36 41 44 n
9/27/2014 $10,100,000 3628 1 10 34 44 46 47 n
9/24/2014 $9,900,000 3627 3 13 22 31 37 47 n
9/22/2014 $9,700,000 3626 2 8 18 21 36 37 n
9/20/2014 $9,600,000 3625 1 18 22 35 39 46 n
9/17/2014 $9,400,000 3624 8 10 24 26 27 48 n
9/15/2014 $9,300,000 3623 10 12 13 17 39 40 n
9/13/2014 $9,200,000 3622 2 3 9 22 24 48 n
9/10/2014 $9,100,000 3621 3 16 19 29 30 35 n
9/8/2014 $9,000,000 3620 2 11 14 20 32 33 n
9/6/2014 $8,900,000 3619 19 23 25 30 31 47 n
9/3/2014 $8,800,000 3618 13 28 34 37 41 46 n
9/1/2014 $8,600,000 3617 10 19 29 34 40 41 n
12/29/2014 $4,600,000 3668 17 19 40 41 42 43 n
12/27/2014 $4,300,000 3667 7 20 22 33 35 43 n
12/24/2014 $4,000,000 3666 8 26 27 28 33 36 n
12/22/2014 $3,700,000 3665 8 21 30 39 41 48 n
12/20/2014 $3,600,000 3664 1 16 30 34 42 45 n
12/17/2014 $3,500,000 3663 3 4 17 31 33 37 n
12/15/2014 $3,400,000 3662 11 17 29 32 37 44 n
12/13/2014 $3,300,000 3661 12 34 35 40 42 44 n
12/10/2014 $3,200,000 3660 13 14 26 33 35 45 n
12/8/2014 $3,100,000 3659 16 22 24 25 40 47 n
12/6/2014 $3,000,000 3658 4 32 39 40 45 46 n
12/3/2014 $2,900,000 3657 6 22 26 28 33 44 n
12/1/2014 $2,800,000 3656 23 25 32 36 46 48 n
11/29/2014 $2,700,000 3655 3 6 12 19 31 40 n
11/26/2014 $2,600,000 3654 5 21 38 40 41 46 n
11/24/2014 $2,500,000 3653 2 6 13 21 30 38 n
11/22/2014 $2,400,000 3652 11 12 24 27 43 46 n
11/19/2014 $2,300,000 3651 5 7 25 36 38 42 n
11/17/2014 $2,200,000 3650 10 11 12 19 22 34 n
11/15/2014 $2,100,000 3649 20 22 25 38 42 47 n
11/12/2014 $2,000,000 3648 5 23 29 37 40 41 n
11/10/2014 $1,900,000 3647 2 11 17 19 20 42 n
11/8/2014 $1,800,000 3646 3 4 12 31 33 34 n
11/5/2014 $1,700,000 3645 6 10 20 31 35 40 n
11/3/2014 $1,600,000 3644 5 22 37 46 47 48 n
11/1/2014 $1,500,000 3643 2 18 26 40 42 43 n
